-0.4175 0.4175 0
-0.417537 0.414267 0
-0.417575 0.410898 0
-0.417615 0.407398 0
-0.417656 0.403766 0
-0.417699 0.400006 0
-0.417743 0.396118 0
-0.417789 0.392106 0
-0.417836 0.387972 0
-0.417884 0.383716 0
-0.417934 0.379341 0
-0.417985 0.374849 0
-0.418037 0.370243 0
-0.418091 0.365523 0
-0.418146 0.360692 0
-0.418202 0.355752 0
-0.418259 0.350705 0
-0.418318 0.345553 0
-0.418377 0.340297 0
-0.418438 0.33494 0
-0.4185 0.329484 0
-0.418563 0.323931 0
-0.418627 0.318282 0
-0.418693 0.31254 0
-0.418759 0.306707 0
-0.418826 0.300784 0
-0.418895 0.294773 0
-0.418964 0.288677 0
-0.419034 0.282497 0
-0.419105 0.276236 0
-0.419177 0.269896 0
-0.41925 0.263477 0
-0.419324 0.256983 0
-0.419399 0.250415 0
-0.419474 0.243776 0
-0.41955 0.237066 0
-0.419627 0.230289 0
-0.419705 0.223446 0
-0.419784 0.216539 0
-0.419863 0.20957 0
-0.419943 0.202541 0
-0.420023 0.195454 0
-0.420104 0.188311 0
-0.420186 0.181114 0
-0.420269 0.173865 0
-0.420352 0.166566 0
-0.420435 0.159219 0
-0.420519 0.151825 0
-0.420604 0.144387 0
-0.420689 0.136907 0
-0.420774 0.129387 0
-0.42086 0.121828 0
-0.420946 0.114233 0
-0.421033 0.106603 0
-0.42112 0.0989414 0
-0.421207 0.091249 0
-0.421295 0.0835281 0
-0.421383 0.0757806 0
-0.421471 0.0680086 0
-0.42156 0.0602139 0
-0.421649 0.0523987 0
-0.421738 0.0445647 0
-0.421827 0.036714 0
-0.421917 0.0288486 0
-0.422006 0.0209704 0
-0.422096 0.0130814 0
-0.422185 0.00518349 0
-0.422275 -0.00272125 0
-0.422365 -0.010631 0
-0.422455 -0.0185435 0
-0.422545 -0.0264571 0
-0.422635 -0.0343697 0
-0.422725 -0.0422794 0
-0.422815 -0.0501841 0
-0.422904 -0.0580819 0
-0.422994 -0.0659709 0
-0.423083 -0.073849 0
-0.423173 -0.0817145 0
-0.423262 -0.0895651 0
-0.423351 -0.0973991 0
-0.42344 -0.105214 0
-0.423529 -0.113009 0
-0.423617 -0.120781 0
-0.423705 -0.128528 0
-0.423793 -0.136249 0
-0.42388 -0.143942 0
-0.423967 -0.151604 0
-0.424054 -0.159233 0
-0.42414 -0.166828 0
-0.424226 -0.174387 0
-0.424311 -0.181907 0
-0.424396 -0.189387 0
-0.424481 -0.196825 0
-0.424565 -0.204219 0
-0.424648 -0.211566 0
-0.424731 -0.218865 0
-0.424814 -0.226114 0
-0.424896 -0.233311 0
-0.424977 -0.240454 0
-0.425057 -0.247541 0
-0.425137 -0.25457 0
-0.425216 -0.261539 0
-0.425295 -0.268446 0
-0.425373 -0.275289 0
-0.42545 -0.282066 0
-0.425526 -0.288775 0
-0.425601 -0.295415 0
-0.425676 -0.301983 0
-0.42575 -0.308477 0
-0.425823 -0.314895 0
-0.425895 -0.321236 0
-0.425966 -0.327497 0
-0.426036 -0.333676 0
-0.426105 -0.339772 0
-0.426174 -0.345783 0
-0.426241 -0.351706 0
-0.426307 -0.357539 0
-0.426373 -0.363282 0
-0.426437 -0.36893 0
-0.4265 -0.374484 0
-0.426562 -0.37994 0
-0.426623 -0.385296 0
-0.426682 -0.390552 0
-0.426741 -0.395704 0
-0.426798 -0.400751 0
-0.426854 -0.405691 0
-0.426909 -0.410522 0
-0.426963 -0.415242 0
-0.427015 -0.419849 0
-0.427066 -0.42434 0
-0.427116 -0.428715 0
-0.427164 -0.432971 0
-0.427211 -0.437106 0
-0.427257 -0.441118 0
-0.427301 -0.445005 0
-0.427344 -0.448765 0
-0.427385 -0.452397 0
-0.427425 -0.455898 0
-0.427463 -0.459266 0
-0.4275 -0.462499 0
-0.4175 0.4175 0
-0.417537 0.414267 0
-0.417575 0.410898 0
-0.417615 0.407398 0
-0.417656 0.403766 0
-0.417699 0.400006 0
-0.417743 0.396118 0
-0.417789 0.392106 0
-0.417836 0.387972 0
-0.417884 0.383716 0
-0.417934 0.379341 0
-0.417985 0.374849 0
-0.418037 0.370243 0
-0.418091 0.365523 0
-0.418146 0.360692 0
-0.418202 0.355752 0
-0.418259 0.350705 0
-0.418318 0.345553 0
-0.418377 0.340297 0
-0.418438 0.33494 0
-0.4185 0.329484 0
-0.418563 0.323931 0
-0.418627 0.318282 0
-0.418693 0.31254 0
-0.418759 0.306707 0
-0.418826 0.300784 0
-0.418895 0.294773 0
-0.418964 0.288677 0
-0.419034 0.282497 0
-0.419105 0.276236 0
-0.419177 0.269896 0
-0.41925 0.263477 0
-0.419324 0.256983 0
-0.419399 0.250415 0
-0.419474 0.243776 0
-0.41955 0.237066 0
-0.419627 0.230289 0
-0.419705 0.223446 0
-0.419784 0.216539 0
-0.419863 0.20957 0
-0.419943 0.202541 0
-0.420023 0.195454 0
-0.420104 0.188311 0
-0.420186 0.181114 0
-0.420269 0.173865 0
-0.420352 0.166566 0
-0.420435 0.159219 0
-0.420519 0.151825 0
-0.420604 0.144387 0
-0.420689 0.136907 0
-0.420774 0.129387 0
-0.42086 0.121828 0
-0.420946 0.114233 0
-0.421033 0.106603 0
-0.42112 0.0989414 0
-0.421207 0.091249 0
-0.421295 0.0835281 0
-0.421383 0.0757806 0
-0.421471 0.0680086 0
-0.42156 0.0602139 0
-0.421649 0.0523987 0
-0.421738 0.0445647 0
-0.421827 0.036714 0
-0.421917 0.0288486 0
-0.422006 0.0209704 0
-0.422096 0.0130814 0
-0.422185 0.00518349 0
-0.422275 -0.00272125 0
-0.422365 -0.010631 0
-0.422455 -0.0185435 0
-0.422545 -0.0264571 0
-0.422635 -0.0343697 0
-0.422725 -0.0422794 0
-0.422815 -0.0501841 0
-0.422904 -0.0580819 0
-0.422994 -0.0659709 0
-0.423083 -0.073849 0
-0.423173 -0.0817145 0
-0.423262 -0.0895651 0
-0.423351 -0.0973991 0
-0.42344 -0.105214 0
-0.423529 -0.113009 0
-0.423617 -0.120781 0
-0.423705 -0.128528 0
-0.423793 -0.136249 0
-0.42388 -0.143942 0
-0.423967 -0.151604 0
-0.424054 -0.159233 0
-0.42414 -0.166828 0
-0.424226 -0.174387 0
-0.424311 -0.181907 0
-0.424396 -0.189387 0
-0.424481 -0.196825 0
-0.424565 -0.204219 0
-0.424648 -0.211566 0
-0.424731 -0.218865 0
-0.424814 -0.226114 0
-0.424896 -0.233311 0
-0.424977 -0.240454 0
-0.425057 -0.247541 0
-0.425137 -0.25457 0
-0.425216 -0.261539 0
-0.425295 -0.268446 0
-0.425373 -0.275289 0
-0.42545 -0.282066 0
-0.425526 -0.288775 0
-0.425601 -0.295415 0
-0.425676 -0.301983 0
-0.42575 -0.308477 0
-0.425823 -0.314895 0
-0.425895 -0.321236 0
-0.425966 -0.327497 0
-0.426036 -0.333676 0
-0.426105 -0.339772 0
-0.426174 -0.345783 0
-0.426241 -0.351706 0
-0.426307 -0.357539 0
-0.426373 -0.363282 0
-0.426437 -0.36893 0
-0.4265 -0.374484 0
-0.426562 -0.37994 0
-0.426623 -0.385296 0
-0.426682 -0.390552 0
-0.426741 -0.395704 0
-0.426798 -0.400751 0
-0.426854 -0.405691 0
-0.426909 -0.410522 0
-0.426963 -0.415242 0
-0.427015 -0.419849 0
-0.427066 -0.42434 0
-0.427116 -0.428715 0
-0.427164 -0.432971 0
-0.427211 -0.437106 0
-0.427257 -0.441118 0
-0.427301 -0.445005 0
-0.427344 -0.448765 0
-0.427385 -0.452397 0
-0.427425 -0.455898 0
-0.427463 -0.459266 0
-0.4275 -0.462499 0
-0.4175 0.4175 0
-0.417668 0.410898 0
-0.418022 0.403764 0
-0.418554 0.396114 0
-0.419256 0.387964 0
-0.420119 0.379329 0
-0.421135 0.370226 0
-0.422296 0.360669 0
-0.423594 0.350676 0
-0.425019 0.340261 0
-0.426565 0.32944 0
-0.428221 0.318229 0
-0.429981 0.306645 0
-0.431836 0.294702 0
-0.433778 0.282417 0
-0.435798 0.269804 0
-0.437887 0.256881 0
-0.440038 0.243663 0
-0.442243 0.230165 0
-0.444493 0.216403 0
-0.446779 0.202394 0
-0.449094 0.188152 0
-0.451428 0.173694 0
-0.453775 0.159035 0
-0.456125 0.144192 0
-0.45847 0.12918 0
-0.460802 0.114014 0
-0.463113 0.0987109 0
-0.465393 0.0832859 0
-0.467636 0.0677551 0
-0.469832 0.052134 0
-0.471974 0.0364386 0
-0.474052 0.0206845 0
-0.476059 0.00488762 0
-0.477987 -0.0109364 0
-0.479826 -0.0267718 0
-0.481569 -0.0426026 0
-0.483208 -0.0584132 0
-0.484734 -0.0741879 0
-0.486138 -0.0899107 0
-0.487413 -0.105566 0
-0.48855 -0.121138 0
-0.489541 -0.136611 0
-0.490378 -0.151969 0
-0.491052 -0.167196 0
-0.491555 -0.182277 0
-0.491878 -0.197196 0
-0.492014 -0.211937 0
-0.491953 -0.226484 0
-0.491689 -0.240821 0
-0.491211 -0.254933 0
-0.490513 -0.268805 0
-0.489586 -0.282419 0
-0.488421 -0.295761 0
-0.48701 -0.308814 0
-0.485344 -0.321563 0
-0.483417 -0.333993 0
-0.481218 -0.346086 0
-0.478741 -0.357829 0
-0.475976 -0.369203 0
-0.472915 -0.380195 0
-0.469551 -0.390788 0
-0.465873 -0.400967 0
-0.461876 -0.410715 0
-0.457549 -0.420017 0
-0.452885 -0.428858 0
-0.447875 -0.43722 0
-0.442512 -0.44509 0
-0.436786 -0.45245 0
-0.430689 -0.459285 0
-0.424191 -0.465602 0
-0.417156 -0.471534 0
-0.409576 -0.47711 0
-0.401468 -0.482339 0
-0.392847 -0.487228 0
-0.383731 -0.491785 0
-0.374135 -0.496018 0
-0.364076 -0.499936 0
-0.353571 -0.503546 0
-0.342635 -0.506856 0
-0.331285 -0.509875 0
-0.319538 -0.512609 0
-0.307409 -0.515067 0
-0.294916 -0.517257 0
-0.282074 -0.519187 0
-0.2689 -0.520865 0
-0.25541 -0.522299 0
-0.24162 -0.523496 0
-0.227547 -0.524466 0
-0.213208 -0.525214 0
-0.198618 -0.525751 0
-0.183794 -0.526083 0
-0.168752 -0.526219 0
-0.153509 -0.526166 0
-0.138081 -0.525932 0
-0.122484 -0.525526 0
-0.106735 -0.524955 0
-0.0908503 -0.524228 0
-0.0748457 -0.523351 0
-0.0587379 -0.522334 0
-0.0425431 -0.521184 0
-0.0262778 -0.51991 0
-0.00995834 -0.518518 0
0.006399 -0.517017 0
0.0227777 -0.515415 0
0.0391617 -0.513721 0
0.0555343 -0.511941 0
0.0718794 -0.510083 0
0.0881806 -0.508157 0
0.104421 -0.506169 0
0.120586 -0.504128 0
0.136657 -0.502042 0
0.152619 -0.499918 0
0.168455 -0.497765 0
0.184149 -0.495591 0
0.199685 -0.493402 0
0.215046 -0.491209 0
0.230216 -0.489017 0
0.245178 -0.486836 0
0.259916 -0.484673 0
0.274415 -0.482537 0
0.288656 -0.480434 0
0.302625 -0.478374 0
0.316305 -0.476363 0
0.329679 -0.474411 0
0.342731 -0.472525 0
0.355445 -0.470713 0
0.367804 -0.468982 0
0.379792 -0.467342 0
0.391393 -0.465799 0
0.40259 -0.464362 0
0.413367 -0.463039 0
0.423708 -0.461837 0
0.433596 -0.460765 0
0.443015 -0.45983 0
0.451948 -0.459042 0
0.460379 -0.458406 0
0.468292 -0.457932 0
0.475671 -0.457627 0
0.482499 -0.4575 0
-0.4175 0.4175 0
-0.417668 0.410898 0
-0.418022 0.403764 0
-0.418554 0.396114 0
-0.419256 0.387964 0
-0.420119 0.379329 0
-0.421135 0.370226 0
-0.422296 0.360669 0
-0.423594 0.350676 0
-0.425019 0.340261 0
-0.426565 0.32944 0
-0.428221 0.318229 0
-0.429981 0.306645 0
-0.431836 0.294702 0
-0.433778 0.282417 0
-0.435798 0.269804 0
-0.437887 0.256881 0
-0.440038 0.243663 0
-0.442243 0.230165 0
-0.444493 0.216403 0
-0.446779 0.202394 0
-0.449094 0.188152 0
-0.451428 0.173694 0
-0.453775 0.159035 0
-0.456125 0.144192 0
-0.45847 0.12918 0
-0.460802 0.114014 0
-0.463113 0.0987109 0
-0.465393 0.0832859 0
-0.467636 0.0677551 0
-0.469832 0.052134 0
-0.471974 0.0364386 0
-0.474052 0.0206845 0
-0.476059 0.00488762 0
-0.477987 -0.0109364 0
-0.479826 -0.0267718 0
-0.481569 -0.0426026 0
-0.483208 -0.0584132 0
-0.484734 -0.0741879 0
-0.486138 -0.0899107 0
-0.487413 -0.105566 0
-0.48855 -0.121138 0
-0.489541 -0.136611 0
-0.490378 -0.151969 0
-0.491052 -0.167196 0
-0.491555 -0.182277 0
-0.491878 -0.197196 0
-0.492014 -0.211937 0
-0.491953 -0.226484 0
-0.491689 -0.240821 0
-0.491211 -0.254933 0
-0.490513 -0.268805 0
-0.489586 -0.282419 0
-0.488421 -0.295761 0
-0.48701 -0.308814 0
-0.485344 -0.321563 0
-0.483417 -0.333993 0
-0.481218 -0.346086 0
-0.478741 -0.357829 0
-0.475976 -0.369203 0
-0.472915 -0.380195 0
-0.469551 -0.390788 0
-0.465873 -0.400967 0
-0.461876 -0.410715 0
-0.457549 -0.420017 0
-0.452885 -0.428858 0
-0.447875 -0.43722 0
-0.442512 -0.44509 0
-0.436786 -0.45245 0
-0.430689 -0.459285 0
-0.424191 -0.465602 0
-0.417156 -0.471534 0
-0.409576 -0.47711 0
-0.401468 -0.482339 0
-0.392847 -0.487228 0
-0.383731 -0.491785 0
-0.374135 -0.496018 0
-0.364076 -0.499936 0
-0.353571 -0.503546 0
-0.342635 -0.506856 0
-0.331285 -0.509875 0
-0.319538 -0.512609 0
-0.307409 -0.515067 0
-0.294916 -0.517257 0
-0.282074 -0.519187 0
-0.2689 -0.520865 0
-0.25541 -0.522299 0
-0.24162 -0.523496 0
-0.227547 -0.524466 0
-0.213208 -0.525214 0
-0.198618 -0.525751 0
-0.183794 -0.526083 0
-0.168752 -0.526219 0
-0.153509 -0.526166 0
-0.138081 -0.525932 0
-0.122484 -0.525526 0
-0.106735 -0.524955 0
-0.0908503 -0.524228 0
-0.0748457 -0.523351 0
-0.0587379 -0.522334 0
-0.0425431 -0.521184 0
-0.0262778 -0.51991 0
-0.00995834 -0.518518 0
0.006399 -0.517017 0
0.0227777 -0.515415 0
0.0391617 -0.513721 0
0.0555343 -0.511941 0
0.0718794 -0.510083 0
0.0881806 -0.508157 0
0.104421 -0.506169 0
0.120586 -0.504128 0
0.136657 -0.502042 0
0.152619 -0.499918 0
0.168455 -0.497765 0
0.184149 -0.495591 0
0.199685 -0.493402 0
0.215046 -0.491209 0
0.230216 -0.489017 0
0.245178 -0.486836 0
0.259916 -0.484673 0
0.274415 -0.482537 0
0.288656 -0.480434 0
0.302625 -0.478374 0
0.316305 -0.476363 0
0.329679 -0.474411 0
0.342731 -0.472525 0
0.355445 -0.470713 0
0.367804 -0.468982 0
0.379792 -0.467342 0
0.391393 -0.465799 0
0.40259 -0.464362 0
0.413367 -0.463039 0
0.423708 -0.461837 0
0.433596 -0.460765 0
0.443015 -0.45983 0
0.451948 -0.459042 0
0.460379 -0.458406 0
0.468292 -0.457932 0
0.475671 -0.457627 0
0.482499 -0.4575 0
-0.4175 0.4175 0
-0.417822 0.407396 0
-0.418554 0.396114 0
-0.419668 0.383706 0
-0.421135 0.370226 0
-0.422929 0.355726 0
-0.425019 0.340261 0
-0.42738 0.323882 0
-0.429981 0.306645 0
-0.432797 0.288601 0
-0.435798 0.269804 0
-0.438956 0.250308 0
-0.442243 0.230165 0
-0.445632 0.209428 0
-0.449094 0.188152 0
-0.452601 0.166389 0
-0.456125 0.144192 0
-0.459638 0.121615 0
-0.463113 0.0987109 0
-0.46652 0.0755329 0
-0.469832 0.0521342 0
-0.473021 0.028568 0
-0.476059 0.0048877 0
-0.478918 -0.0188535 0
-0.481569 -0.0426025 0
-0.483986 -0.0663058 0
-0.486138 -0.0899106 0
-0.488 -0.113363 0
-0.489541 -0.136611 0
-0.490736 -0.1596 0
-0.491555 -0.182277 0
-0.49197 -0.204589 0
-0.491953 -0.226484 0
-0.491477 -0.247906 0
-0.490513 -0.268804 0
-0.489033 -0.289125 0
-0.48701 -0.308814 0
-0.484414 -0.327819 0
-0.481218 -0.346086 0
-0.477395 -0.363563 0
-0.472915 -0.380195 0
-0.467752 -0.39593 0
-0.461876 -0.410715 0
-0.45526 -0.424496 0
-0.447875 -0.43722 0
-0.439695 -0.448834 0
-0.43069 -0.459284 0
-0.420737 -0.4687 0
-0.409539 -0.477645 0
-0.397127 -0.486164 0
-0.383558 -0.494258 0
-0.368889 -0.501928 0
-0.353177 -0.509175 0
-0.336479 -0.516001 0
-0.318852 -0.522406 0
-0.300353 -0.52839 0
-0.28104 -0.533956 0
-0.260968 -0.539104 0
-0.240196 -0.543836 0
-0.21878 -0.548151 0
-0.196777 -0.552051 0
-0.174244 -0.555537 0
-0.151238 -0.55861 0
-0.127816 -0.561272 0
-0.104035 -0.563522 0
-0.0799527 -0.565362 0
-0.0556252 -0.566793 0
-0.03111 -0.567816 0
-0.00646385 -0.568431 0
0.0182561 -0.568641 0
0.042993 -0.568445 0
0.0676896 -0.567846 0
0.092289 -0.566843 0
0.116734 -0.565438 0
0.140968 -0.563631 0
0.164934 -0.561424 0
0.188575 -0.558818 0
0.211834 -0.555814 0
0.234653 -0.552413 0
0.256977 -0.548615 0
0.278747 -0.544421 0
0.299907 -0.539834 0
0.320399 -0.534853 0
0.340168 -0.529479 0
0.359155 -0.523714 0
0.377305 -0.517559 0
0.394559 -0.511014 0
0.41086 -0.50408 0
0.426153 -0.49676 0
0.440379 -0.489052 0
0.453483 -0.480959 0
0.465406 -0.472482 0
0.476091 -0.46362 0
0.485506 -0.454332 0
0.493914 -0.44405 0
0.501432 -0.432643 0
0.508091 -0.420162 0
0.513922 -0.40666 0
0.518956 -0.392188 0
0.523224 -0.376797 0
0.526757 -0.36054 0
0.529587 -0.343466 0
0.531743 -0.325629 0
0.533258 -0.30708 0
0.534163 -0.28787 0
0.534487 -0.268051 0
0.534263 -0.247674 0
0.533522 -0.226791 0
0.532295 -0.205454 0
0.530612 -0.183714 0
0.528505 -0.161623 0
0.526005 -0.139232 0
0.523142 -0.116593 0
0.519949 -0.093757 0
0.516456 -0.0707764 0
0.512694 -0.0477024 0
0.508694 -0.0245866 0
0.504487 -0.00148056 0
0.500104 0.0215642 0
0.495577 0.0444959 0
0.490936 0.0672633 0
0.486213 0.0898146 0
0.481438 0.112098 0
0.476643 0.134063 0
0.471859 0.155656 0
0.467116 0.176828 0
0.462447 0.197525 0
0.457881 0.217697 0
0.45345 0.237292 0
0.449185 0.256258 0
0.445117 0.274544 0
0.441277 0.292098 0
0.437697 0.308869 0
0.434406 0.324805 0
0.431437 0.339854 0
0.428821 0.353966 0
0.426588 0.367087 0
0.424769 0.379168 0
0.423396 0.390155 0
0.4225 0.399998 0
-0.4175 0.4175 0
-0.417822 0.407396 0
-0.418554 0.396114 0
-0.419668 0.383706 0
-0.421135 0.370226 0
-0.422929 0.355726 0
-0.425019 0.340261 0
-0.42738 0.323882 0
-0.429981 0.306645 0
-0.432797 0.288601 0
-0.435798 0.269804 0
-0.438956 0.250308 0
-0.442243 0.230165 0
-0.445632 0.209428 0
-0.449094 0.188152 0
-0.452601 0.166389 0
-0.456125 0.144192 0
-0.459638 0.121615 0
-0.463113 0.0987109 0
-0.46652 0.0755329 0
-0.469832 0.0521342 0
-0.473021 0.028568 0
-0.476059 0.0048877 0
-0.478918 -0.0188535 0
-0.481569 -0.0426025 0
-0.483986 -0.0663058 0
-0.486138 -0.0899106 0
-0.488 -0.113363 0
-0.489541 -0.136611 0
-0.490736 -0.1596 0
-0.491555 -0.182277 0
-0.49197 -0.204589 0
-0.491953 -0.226484 0
-0.491477 -0.247906 0
-0.490513 -0.268804 0
-0.489033 -0.289125 0
-0.48701 -0.308814 0
-0.484414 -0.327819 0
-0.481218 -0.346086 0
-0.477395 -0.363563 0
-0.472915 -0.380195 0
-0.467752 -0.39593 0
-0.461876 -0.410715 0
-0.45526 -0.424496 0
-0.447875 -0.43722 0
-0.439695 -0.448834 0
-0.43069 -0.459284 0
-0.420737 -0.4687 0
-0.409539 -0.477645 0
-0.397127 -0.486164 0
-0.383558 -0.494258 0
-0.368889 -0.501928 0
-0.353177 -0.509175 0
-0.336479 -0.516001 0
-0.318852 -0.522406 0
-0.300353 -0.52839 0
-0.28104 -0.533956 0
-0.260968 -0.539104 0
-0.240196 -0.543836 0
-0.21878 -0.548151 0
-0.196777 -0.552051 0
-0.174244 -0.555537 0
-0.151238 -0.55861 0
-0.127816 -0.561272 0
-0.104035 -0.563522 0
-0.0799527 -0.565362 0
-0.0556252 -0.566793 0
-0.03111 -0.567816 0
-0.00646385 -0.568431 0
0.0182561 -0.568641 0
0.042993 -0.568445 0
0.0676896 -0.567846 0
0.092289 -0.566843 0
0.116734 -0.565438 0
0.140968 -0.563631 0
0.164934 -0.561424 0
0.188575 -0.558818 0
0.211834 -0.555814 0
0.234653 -0.552413 0
0.256977 -0.548615 0
0.278747 -0.544421 0
0.299907 -0.539834 0
0.320399 -0.534853 0
0.340168 -0.529479 0
0.359155 -0.523714 0
0.377305 -0.517559 0
0.394559 -0.511014 0
0.41086 -0.50408 0
0.426153 -0.49676 0
0.440379 -0.489052 0
0.453483 -0.480959 0
0.465406 -0.472482 0
0.476091 -0.46362 0
0.485506 -0.454332 0
0.493914 -0.44405 0
0.501432 -0.432643 0
0.508091 -0.420162 0
0.513922 -0.40666 0
0.518956 -0.392188 0
0.523224 -0.376797 0
0.526757 -0.36054 0
0.529587 -0.343466 0
0.531743 -0.325629 0
0.533258 -0.30708 0
0.534163 -0.28787 0
0.534487 -0.268051 0
0.534263 -0.247674 0
0.533522 -0.226791 0
0.532295 -0.205454 0
0.530612 -0.183714 0
0.528505 -0.161623 0
0.526005 -0.139232 0
0.523142 -0.116593 0
0.519949 -0.093757 0
0.516456 -0.0707764 0
0.512694 -0.0477024 0
0.508694 -0.0245866 0
0.504487 -0.00148056 0
0.500104 0.0215642 0
0.495577 0.0444959 0
0.490936 0.0672633 0
0.486213 0.0898146 0
0.481438 0.112098 0
0.476643 0.134063 0
0.471859 0.155656 0
0.467116 0.176828 0
0.462447 0.197525 0
0.457881 0.217697 0
0.45345 0.237292 0
0.449185 0.256258 0
0.445117 0.274544 0
0.441277 0.292098 0
0.437697 0.308869 0
0.434406 0.324805 0
0.431437 0.339854 0
0.428821 0.353966 0
0.426588 0.367087 0
0.424769 0.379168 0
0.423396 0.390155 0
0.4225 0.399998 0
-0.4175 0.4175 0
-0.418022 0.403764 0
-0.419256 0.387964 0
-0.421135 0.370226 0
-0.423594 0.350676 0
-0.426565 0.32944 0
-0.429981 0.306645 0
-0.433778 0.282417 0
-0.437887 0.256881 0
-0.442243 0.230165 0
-0.446779 0.202394 0
-0.451428 0.173694 0
-0.456125 0.144192 0
-0.460802 0.114014 0
-0.465393 0.0832861 0
-0.469832 0.0521342 0
-0.474052 0.0206847 0
-0.477987 -0.0109361 0
-0.481569 -0.0426023 0
-0.484734 -0.0741876 0
-0.487413 -0.105566 0
-0.489541 -0.136611 0
-0.491052 -0.167196 0
-0.491878 -0.197196 0
-0.491953 -0.226483 0
-0.491211 -0.254933 0
-0.489586 -0.282419 0
-0.48701 -0.308814 0
-0.483417 -0.333993 0
-0.478741 -0.357828 0
-0.472915 -0.380195 0
-0.465873 -0.400967 0
-0.457549 -0.420017 0
-0.447875 -0.43722 0
-0.436786 -0.452449 0
-0.42419 -0.465624 0
-0.409539 -0.477645 0
-0.392729 -0.488909 0
-0.373897 -0.499418 0
-0.353177 -0.509175 0
-0.330704 -0.518182 0
-0.306613 -0.526442 0
-0.28104 -0.533956 0
-0.254119 -0.540728 0
-0.225987 -0.546758 0
-0.196777 -0.552051 0
-0.166625 -0.556607 0
-0.135666 -0.56043 0
-0.104035 -0.563522 0
-0.0718681 -0.565884 0
-0.0392992 -0.56752 0
-0.00646393 -0.568431 0
0.0265026 -0.568621 0
0.0594653 -0.56809 0
0.0922892 -0.566843 0
0.124839 -0.56488 0
0.15698 -0.562204 0
0.188576 -0.558818 0
0.219493 -0.554724 0
0.249595 -0.549924 0
0.278748 -0.544421 0
0.306815 -0.538217 0
0.333663 -0.531314 0
0.359156 -0.523714 0
0.383159 -0.51542 0
0.405537 -0.506434 0
0.426154 -0.496759 0
0.444876 -0.486397 0
0.461567 -0.475349 0
0.476092 -0.46362 0
0.488457 -0.451059 0
0.499429 -0.436802 0
0.509185 -0.420798 0
0.517763 -0.403149 0
0.525206 -0.383959 0
0.531555 -0.363332 0
0.53685 -0.34137 0
0.541133 -0.318177 0
0.544445 -0.293857 0
0.546827 -0.268511 0
0.54832 -0.242245 0
0.548965 -0.215161 0
0.548803 -0.187362 0
0.547876 -0.158952 0
0.546224 -0.130034 0
0.543889 -0.100711 0
0.540912 -0.0710873 0
0.537334 -0.0412653 0
0.533195 -0.0113485 0
0.528538 0.0185598 0
0.523403 0.0483562 0
0.517831 0.0779373 0
0.511863 0.1072 0
0.505541 0.136041 0
0.498906 0.164357 0
0.491998 0.192044 0
0.484859 0.219 0
0.47753 0.245121 0
0.470052 0.270303 0
0.462466 0.294444 0
0.454814 0.31744 0
0.447135 0.339188 0
0.439472 0.359584 0
0.431866 0.378525 0
0.424358 0.395909 0
0.416657 0.4119 0
0.408009 0.427118 0
0.398435 0.441615 0
0.387998 0.455414 0
0.376758 0.46854 0
0.364775 0.481015 0
0.35211 0.492863 0
0.338825 0.504106 0
0.32498 0.51477 0
0.310636 0.524876 0
0.295853 0.534449 0
0.280692 0.543512 0
0.265214 0.552088 0
0.24948 0.560201 0
0.233551 0.567873 0
0.217487 0.57513 0
0.201349 0.581993 0
0.185198 0.588486 0
0.169094 0.594633 0
0.153099 0.600458 0
0.137273 0.605982 0
0.121677 0.611231 0
0.106372 0.616227 0
0.0914178 0.620994 0
0.0768762 0.625555 0
0.0628075 0.629934 0
0.0492727 0.634154 0
0.0363323 0.638238 0
0.0240472 0.64221 0
0.0124783 0.646094 0
0.0016861 0.649912 0
-0.00826843 0.653688 0
-0.0173246 0.657446 0
-0.0254217 0.661208 0
-0.0324988 0.664999 0
-0.4175 0.4175 0
-0.418022 0.403764 0
-0.419256 0.387964 0
-0.421135 0.370226 0
-0.423594 0.350676 0
-0.426565 0.32944 0
-0.429981 0.306645 0
-0.433778 0.282417 0
-0.437887 0.256881 0
-0.442243 0.230165 0
-0.446779 0.202394 0
-0.451428 0.173694 0
-0.456125 0.144192 0
-0.460802 0.114014 0
-0.465393 0.0832861 0
-0.469832 0.0521342 0
-0.474052 0.0206847 0
-0.477987 -0.0109361 0
-0.481569 -0.0426023 0
-0.484734 -0.0741876 0
-0.487413 -0.105566 0
-0.489541 -0.136611 0
-0.491052 -0.167196 0
-0.491878 -0.197196 0
-0.491953 -0.226483 0
-0.491211 -0.254933 0
-0.489586 -0.282419 0
-0.48701 -0.308814 0
-0.483417 -0.333993 0
-0.478741 -0.357828 0
-0.472915 -0.380195 0
-0.465873 -0.400967 0
-0.457549 -0.420017 0
-0.447875 -0.43722 0
-0.436786 -0.452449 0
-0.42419 -0.465624 0
-0.409539 -0.477645 0
-0.392729 -0.488909 0
-0.373897 -0.499418 0
-0.353177 -0.509175 0
-0.330704 -0.518182 0
-0.306613 -0.526442 0
-0.28104 -0.533956 0
-0.254119 -0.540728 0
-0.225987 -0.546758 0
-0.196777 -0.552051 0
-0.166625 -0.556607 0
-0.135666 -0.56043 0
-0.104035 -0.563522 0
-0.0718681 -0.565884 0
-0.0392992 -0.56752 0
-0.00646393 -0.568431 0
0.0265026 -0.568621 0
0.0594653 -0.56809 0
0.0922892 -0.566843 0
0.124839 -0.56488 0
0.15698 -0.562204 0
0.188576 -0.558818 0
0.219493 -0.554724 0
0.249595 -0.549924 0
0.278748 -0.544421 0
0.306815 -0.538217 0
0.333663 -0.531314 0
0.359156 -0.523714 0
0.383159 -0.51542 0
0.405537 -0.506434 0
0.426154 -0.496759 0
0.444876 -0.486397 0
0.461567 -0.475349 0
0.476092 -0.46362 0
0.488457 -0.451059 0
0.499429 -0.436802 0
0.509185 -0.420798 0
0.517763 -0.403149 0
0.525206 -0.383959 0
0.531555 -0.363332 0
0.53685 -0.34137 0
0.541133 -0.318177 0
0.544445 -0.293857 0
0.546827 -0.268511 0
0.54832 -0.242245 0
0.548965 -0.215161 0
0.548803 -0.187362 0
0.547876 -0.158952 0
0.546224 -0.130034 0
0.543889 -0.100711 0
0.540912 -0.0710873 0
0.537334 -0.0412653 0
0.533195 -0.0113485 0
0.528538 0.0185598 0
0.523403 0.0483562 0
0.517831 0.0779373 0
0.511863 0.1072 0
0.505541 0.136041 0
0.498906 0.164357 0
0.491998 0.192044 0
0.484859 0.219 0
0.47753 0.245121 0
0.470052 0.270303 0
0.462466 0.294444 0
0.454814 0.31744 0
0.447135 0.339188 0
0.439472 0.359584 0
0.431866 0.378525 0
0.424358 0.395909 0
0.416657 0.4119 0
0.408009 0.427118 0
0.398435 0.441615 0
0.387998 0.455414 0
0.376758 0.46854 0
0.364775 0.481015 0
0.35211 0.492863 0
0.338825 0.504106 0
0.32498 0.51477 0
0.310636 0.524876 0
0.295853 0.534449 0
0.280692 0.543512 0
0.265214 0.552088 0
0.24948 0.560201 0
0.233551 0.567873 0
0.217487 0.57513 0
0.201349 0.581993 0
0.185198 0.588486 0
0.169094 0.594633 0
0.153099 0.600458 0
0.137273 0.605982 0
0.121677 0.611231 0
0.106372 0.616227 0
0.0914178 0.620994 0
0.0768762 0.625555 0
0.0628075 0.629934 0
0.0492727 0.634154 0
0.0363323 0.638238 0
0.0240472 0.64221 0
0.0124783 0.646094 0
0.0016861 0.649912 0
-0.00826843 0.653688 0
-0.0173246 0.657446 0
-0.0254217 0.661208 0
-0.0324988 0.664999 0
-0.4175 0.4175 0
-0.418266 0.400002 0
-0.420119 0.379329 0
-0.422929 0.355726 0
-0.426565 0.32944 0
-0.430898 0.300717 0
-0.435798 0.269804 0
-0.441135 0.236948 0
-0.446779 0.202394 0
-0.452601 0.166389 0
-0.45847 0.12918 0
-0.464257 0.0910128 0
-0.469832 0.0521342 0
-0.475065 0.0127907 0
-0.479826 -0.0267715 0
-0.483986 -0.0663057 0
-0.487413 -0.105566 0
-0.48998 -0.144305 0
-0.491555 -0.182277 0
-0.492008 -0.219235 0
-0.491211 -0.254933 0
-0.489033 -0.289125 0
-0.485345 -0.321563 0
-0.480015 -0.352002 0
-0.472915 -0.380195 0
-0.463915 -0.405896 0
-0.452885 -0.428857 0
-0.439695 -0.448834 0
-0.42419 -0.465624 0
-0.405533 -0.480532 0
-0.383558 -0.494258 0
-0.358526 -0.506806 0
-0.330704 -0.518182 0
-0.300354 -0.52839 0
-0.26774 -0.537435 0
-0.233126 -0.54532 0
-0.196777 -0.552051 0
-0.158956 -0.557632 0
-0.119926 -0.562067 0
-0.0799529 -0.565362 0
-0.0392994 -0.56752 0
0.00177048 -0.568546 0
0.0429928 -0.568445 0
0.0841035 -0.567222 0
0.124839 -0.56488 0
0.164935 -0.561424 0
0.204127 -0.55686 0
0.242153 -0.55119 0
0.278747 -0.544421 0
0.313647 -0.536556 0
0.346588 -0.527601 0
0.377306 -0.517558 0
0.405537 -0.506434 0
0.431017 -0.494233 0
0.453484 -0.480959 0
0.472671 -0.466616 0
0.488456 -0.451059 0
0.501981 -0.432961 0
0.513618 -0.412172 0
0.52345 -0.388895 0
0.531555 -0.363332 0
0.538014 -0.335683 0
0.542908 -0.306151 0
0.546316 -0.274937 0
0.54832 -0.242244 0
0.548998 -0.208273 0
0.548433 -0.173226 0
0.546703 -0.137304 0
0.543889 -0.10071 0
0.540072 -0.0636446 0
0.535332 -0.0263103 0
0.529748 0.0110912 0
0.523402 0.0483581 0
0.516374 0.0852888 0
0.508744 0.121682 0
0.500591 0.157335 0
0.491998 0.192046 0
0.483042 0.225614 0
0.473807 0.257838 0
0.46437 0.288514 0
0.454813 0.317442 0
0.445216 0.344419 0
0.435659 0.369244 0
0.426223 0.391716 0
0.416741 0.411954 0
0.406277 0.431172 0
0.394787 0.449523 0
0.382339 0.467018 0
0.369001 0.483672 0
0.354839 0.499497 0
0.33992 0.514507 0
0.324311 0.528714 0
0.308079 0.542133 0
0.291292 0.554777 0
0.274015 0.566658 0
0.256317 0.57779 0
0.238265 0.588187 0
0.219924 0.597861 0
0.201363 0.606826 0
0.182648 0.615095 0
0.163847 0.622682 0
0.145026 0.629599 0
0.126252 0.63586 0
0.107593 0.641478 0
0.0891158 0.646467 0
0.0708866 0.650839 0
0.052973 0.654608 0
0.035442 0.657787 0
0.0183604 0.66039 0
0.0017955 0.66243 0
-0.0141858 0.66392 0
-0.0295164 0.664873 0
-0.0444485 0.664968 0
-0.0595877 0.663578 0
-0.074914 0.660784 0
-0.0903877 0.656686 0
-0.105969 0.651388 0
-0.121618 0.644991 0
-0.137295 0.637596 0
-0.15296 0.629306 0
-0.168574 0.620223 0
-0.184096 0.610449 0
-0.199487 0.600086 0
-0.214707 0.589234 0
-0.229716 0.577998 0
-0.244475 0.566478 0
-0.258943 0.554776 0
-0.273081 0.542994 0
-0.286849 0.531235 0
-0.300208 0.5196 0
-0.313116 0.508191 0
-0.325536 0.49711 0
-0.337426 0.486459 0
-0.348747 0.476339 0
-0.35946 0.466854 0
-0.369524 0.458104 0
-0.3789 0.450192 0
-0.387547 0.443219 0
-0.395427 0.437288 0
-0.402499 0.432501 0
-0.4175 0.4175 0
-0.418266 0.400002 0
-0.420119 0.379329 0
-0.422929 0.355726 0
-0.426565 0.32944 0
-0.430898 0.300717 0
-0.435798 0.269804 0
-0.441135 0.236948 0
-0.446779 0.202394 0
-0.452601 0.166389 0
-0.45847 0.12918 0
-0.464257 0.0910128 0
-0.469832 0.0521342 0
-0.475065 0.0127907 0
-0.479826 -0.0267715 0
-0.483986 -0.0663057 0
-0.487413 -0.105566 0
-0.48998 -0.144305 0
-0.491555 -0.182277 0
-0.492008 -0.219235 0
-0.491211 -0.254933 0
-0.489033 -0.289125 0
-0.485345 -0.321563 0
-0.480015 -0.352002 0
-0.472915 -0.380195 0
-0.463915 -0.405896 0
-0.452885 -0.428857 0
-0.439695 -0.448834 0
-0.42419 -0.465624 0
-0.405533 -0.480532 0
-0.383558 -0.494258 0
-0.358526 -0.506806 0
-0.330704 -0.518182 0
-0.300354 -0.52839 0
-0.26774 -0.537435 0
-0.233126 -0.54532 0
-0.196777 -0.552051 0
-0.158956 -0.557632 0
-0.119926 -0.562067 0
-0.0799529 -0.565362 0
-0.0392994 -0.56752 0
0.00177048 -0.568546 0
0.0429928 -0.568445 0
0.0841035 -0.567222 0
0.124839 -0.56488 0
0.164935 -0.561424 0
0.204127 -0.55686 0
0.242153 -0.55119 0
0.278747 -0.544421 0
0.313647 -0.536556 0
0.346588 -0.527601 0
0.377306 -0.517558 0
0.405537 -0.506434 0
0.431017 -0.494233 0
0.453484 -0.480959 0
0.472671 -0.466616 0
0.488456 -0.451059 0
0.501981 -0.432961 0
0.513618 -0.412172 0
0.52345 -0.388895 0
0.531555 -0.363332 0
0.538014 -0.335683 0
0.542908 -0.306151 0
0.546316 -0.274937 0
0.54832 -0.242244 0
0.548998 -0.208273 0
0.548433 -0.173226 0
0.546703 -0.137304 0
0.543889 -0.10071 0
0.540072 -0.0636446 0
0.535332 -0.0263103 0
0.529748 0.0110912 0
0.523402 0.0483581 0
0.516374 0.0852888 0
0.508744 0.121682 0
0.500591 0.157335 0
0.491998 0.192046 0
0.483042 0.225614 0
0.473807 0.257838 0
0.46437 0.288514 0
0.454813 0.317442 0
0.445216 0.344419 0
0.435659 0.369244 0
0.426223 0.391716 0
0.416741 0.411954 0
0.406277 0.431172 0
0.394787 0.449523 0
0.382339 0.467018 0
0.369001 0.483672 0
0.354839 0.499497 0
0.33992 0.514507 0
0.324311 0.528714 0
0.308079 0.542133 0
0.291292 0.554777 0
0.274015 0.566658 0
0.256317 0.57779 0
0.238265 0.588187 0
0.219924 0.597861 0
0.201363 0.606826 0
0.182648 0.615095 0
0.163847 0.622682 0
0.145026 0.629599 0
0.126252 0.63586 0
0.107593 0.641478 0
0.0891158 0.646467 0
0.0708866 0.650839 0
0.052973 0.654608 0
0.035442 0.657787 0
0.0183604 0.66039 0
0.0017955 0.66243 0
-0.0141858 0.66392 0
-0.0295164 0.664873 0
-0.0444485 0.664968 0
-0.0595877 0.663578 0
-0.074914 0.660784 0
-0.0903877 0.656686 0
-0.105969 0.651388 0
-0.121618 0.644991 0
-0.137295 0.637596 0
-0.15296 0.629306 0
-0.168574 0.620223 0
-0.184096 0.610449 0
-0.199487 0.600086 0
-0.214707 0.589234 0
-0.229716 0.577998 0
-0.244475 0.566478 0
-0.258943 0.554776 0
-0.273081 0.542994 0
-0.286849 0.531235 0
-0.300208 0.5196 0
-0.313116 0.508191 0
-0.325536 0.49711 0
-0.337426 0.486459 0
-0.348747 0.476339 0
-0.35946 0.466854 0
-0.369524 0.458104 0
-0.3789 0.450192 0
-0.387547 0.443219 0
-0.395427 0.437288 0
-0.402499 0.432501 0
-0.4175 0.4175 0
-0.418266 0.400002 0
-0.420119 0.379329 0
-0.422929 0.355726 0
-0.426565 0.32944 0
-0.430898 0.300717 0
-0.435798 0.269804 0
-0.441135 0.236948 0
-0.446779 0.202394 0
-0.452601 0.166389 0
-0.45847 0.12918 0
-0.464257 0.0910128 0
-0.469832 0.0521342 0
-0.475065 0.0127907 0
-0.479826 -0.0267715 0
-0.483986 -0.0663057 0
-0.487413 -0.105566 0
-0.48998 -0.144305 0
-0.491555 -0.182277 0
-0.492008 -0.219235 0
-0.491211 -0.254933 0
-0.489033 -0.289125 0
-0.485345 -0.321563 0
-0.480015 -0.352002 0
-0.472915 -0.380195 0
-0.463915 -0.405896 0
-0.452885 -0.428857 0
-0.439695 -0.448834 0
-0.42419 -0.465624 0
-0.405533 -0.480532 0
-0.383558 -0.494258 0
-0.358526 -0.506806 0
-0.330704 -0.518182 0
-0.300354 -0.52839 0
-0.26774 -0.537435 0
-0.233126 -0.54532 0
-0.196777 -0.552051 0
-0.158956 -0.557632 0
-0.119926 -0.562067 0
-0.0799529 -0.565362 0
-0.0392994 -0.56752 0
0.00177048 -0.568546 0
0.0429928 -0.568445 0
0.0841035 -0.567222 0
0.124839 -0.56488 0
0.164935 -0.561424 0
0.204127 -0.55686 0
0.242153 -0.55119 0
0.278747 -0.544421 0
0.313647 -0.536556 0
0.346588 -0.527601 0
0.377306 -0.517558 0
0.405537 -0.506434 0
0.431017 -0.494233 0
0.453484 -0.480959 0
0.472671 -0.466616 0
0.488456 -0.451059 0
0.501981 -0.432961 0
0.513618 -0.412172 0
0.52345 -0.388895 0
0.531555 -0.363332 0
0.538014 -0.335683 0
0.542908 -0.306151 0
0.546316 -0.274937 0
0.54832 -0.242244 0
0.548998 -0.208273 0
0.548433 -0.173226 0
0.546703 -0.137304 0
0.543889 -0.10071 0
0.540072 -0.0636446 0
0.535332 -0.0263103 0
0.529748 0.0110912 0
0.523402 0.0483581 0
0.516374 0.0852888 0
0.508744 0.121682 0
0.500591 0.157335 0
0.491998 0.192046 0
0.483042 0.225614 0
0.473807 0.257838 0
0.46437 0.288514 0
0.454813 0.317442 0
0.445216 0.344419 0
0.435659 0.369244 0
0.426223 0.391716 0
0.416741 0.411954 0
0.406277 0.431172 0
0.394787 0.449523 0
0.382339 0.467018 0
0.369001 0.483672 0
0.354839 0.499497 0
0.33992 0.514507 0
0.324311 0.528714 0
0.308079 0.542133 0
0.291292 0.554777 0
0.274015 0.566658 0
0.256317 0.57779 0
0.238265 0.588187 0
0.219924 0.597861 0
0.201363 0.606826 0
0.182648 0.615095 0
0.163847 0.622682 0
0.145026 0.629599 0
0.126252 0.63586 0
0.107593 0.641478 0
0.0891158 0.646467 0
0.0708866 0.650839 0
0.052973 0.654608 0
0.035442 0.657787 0
0.0183604 0.66039 0
0.0017955 0.66243 0
-0.0141858 0.66392 0
-0.0295164 0.664873 0
-0.0444485 0.664968 0
-0.0595877 0.663578 0
-0.074914 0.660784 0
-0.0903877 0.656686 0
-0.105969 0.651388 0
-0.121618 0.644991 0
-0.137295 0.637596 0
-0.15296 0.629306 0
-0.168574 0.620223 0
-0.184096 0.610449 0
-0.199487 0.600086 0
-0.214707 0.589234 0
-0.229716 0.577998 0
-0.244475 0.566478 0
-0.258943 0.554776 0
-0.273081 0.542994 0
-0.286849 0.531235 0
-0.300208 0.5196 0
-0.313116 0.508191 0
-0.325536 0.49711 0
-0.337426 0.486459 0
-0.348747 0.476339 0
-0.35946 0.466854 0
-0.369524 0.458104 0
-0.3789 0.450192 0
-0.387547 0.443219 0
-0.395427 0.437288 0
-0.402499 0.432501 0
-0.4175 0.4175 0
-0.418266 0.400002 0
-0.420119 0.379329 0
-0.422929 0.355726 0
-0.426565 0.32944 0
-0.430898 0.300717 0
-0.435798 0.269804 0
-0.441135 0.236948 0
-0.446779 0.202394 0
-0.452601 0.166389 0
-0.45847 0.12918 0
-0.464257 0.0910128 0
-0.469832 0.0521342 0
-0.475065 0.0127907 0
-0.479826 -0.0267715 0
-0.483986 -0.0663057 0
-0.487413 -0.105566 0
-0.48998 -0.144305 0
-0.491555 -0.182277 0
-0.492008 -0.219235 0
-0.491211 -0.254933 0
-0.489033 -0.289125 0
-0.485345 -0.321563 0
-0.480015 -0.352002 0
-0.472915 -0.380195 0
-0.463915 -0.405896 0
-0.452885 -0.428857 0
-0.439695 -0.448834 0
-0.42419 -0.465624 0
-0.405533 -0.480532 0
-0.383558 -0.494258 0
-0.358526 -0.506806 0
-0.330704 -0.518182 0
-0.300354 -0.52839 0
-0.26774 -0.537435 0
-0.233126 -0.54532 0
-0.196777 -0.552051 0
-0.158956 -0.557632 0
-0.119926 -0.562067 0
-0.0799529 -0.565362 0
-0.0392994 -0.56752 0
0.00177048 -0.568546 0
0.0429928 -0.568445 0
0.0841035 -0.567222 0
0.124839 -0.56488 0
0.164935 -0.561424 0
0.204127 -0.55686 0
0.242153 -0.55119 0
0.278747 -0.544421 0
0.313647 -0.536556 0
0.346588 -0.527601 0
0.377306 -0.517558 0
0.405537 -0.506434 0
0.431017 -0.494233 0
0.453484 -0.480959 0
0.472671 -0.466616 0
0.488456 -0.451059 0
0.501981 -0.432961 0
0.513618 -0.412172 0
0.52345 -0.388895 0
0.531555 -0.363332 0
0.538014 -0.335683 0
0.542908 -0.306151 0
0.546316 -0.274937 0
0.54832 -0.242244 0
0.548998 -0.208273 0
0.548433 -0.173226 0
0.546703 -0.137304 0
0.543889 -0.10071 0
0.540072 -0.0636446 0
0.535332 -0.0263103 0
0.529748 0.0110912 0
0.523402 0.0483581 0
0.516374 0.0852888 0
0.508744 0.121682 0
0.500591 0.157335 0
0.491998 0.192046 0
0.483042 0.225614 0
0.473807 0.257838 0
0.46437 0.288514 0
0.454813 0.317442 0
0.445216 0.344419 0
0.435659 0.369244 0
0.426223 0.391716 0
0.416741 0.411954 0
0.406277 0.431172 0
0.394787 0.449523 0
0.382339 0.467018 0
0.369001 0.483672 0
0.354839 0.499497 0
0.33992 0.514507 0
0.324311 0.528714 0
0.308079 0.542133 0
0.291292 0.554777 0
0.274015 0.566658 0
0.256317 0.57779 0
0.238265 0.588187 0
0.219924 0.597861 0
0.201363 0.606826 0
0.182648 0.615095 0
0.163847 0.622682 0
0.145026 0.629599 0
0.126252 0.63586 0
0.107593 0.641478 0
0.0891158 0.646467 0
0.0708866 0.650839 0
0.052973 0.654608 0
0.035442 0.657787 0
0.0183604 0.66039 0
0.0017955 0.66243 0
-0.0141858 0.66392 0
-0.0295164 0.664873 0
-0.0444485 0.664968 0
-0.0595877 0.663578 0
-0.074914 0.660784 0
-0.0903877 0.656686 0
-0.105969 0.651388 0
-0.121618 0.644991 0
-0.137295 0.637596 0
-0.15296 0.629306 0
-0.168574 0.620223 0
-0.184096 0.610449 0
-0.199487 0.600086 0
-0.214707 0.589234 0
-0.229716 0.577998 0
-0.244475 0.566478 0
-0.258943 0.554776 0
-0.273081 0.542994 0
-0.286849 0.531235 0
-0.300208 0.5196 0
-0.313116 0.508191 0
-0.325536 0.49711 0
-0.337426 0.486459 0
-0.348747 0.476339 0
-0.35946 0.466854 0
-0.369524 0.458104 0
-0.3789 0.450192 0
-0.387547 0.443219 0
-0.395427 0.437288 0
-0.402499 0.432501 0
-0.4175 0.4175 0
-0.418266 0.400002 0
-0.420119 0.379329 0
-0.422929 0.355726 0
-0.426565 0.32944 0
-0.430898 0.300717 0
-0.435798 0.269804 0
-0.441135 0.236948 0
-0.446779 0.202394 0
-0.452601 0.166389 0
-0.45847 0.12918 0
-0.464257 0.0910128 0
-0.469832 0.0521342 0
-0.475065 0.0127907 0
-0.479826 -0.0267715 0
-0.483986 -0.0663057 0
-0.487413 -0.105566 0
-0.48998 -0.144305 0
-0.491555 -0.182277 0
-0.492008 -0.219235 0
-0.491211 -0.254933 0
-0.489033 -0.289125 0
-0.485345 -0.321563 0
-0.480015 -0.352002 0
-0.472915 -0.380195 0
-0.463915 -0.405896 0
-0.452885 -0.428857 0
-0.439695 -0.448834 0
-0.42419 -0.465624 0
-0.405533 -0.480532 0
-0.383558 -0.494258 0
-0.358526 -0.506806 0
-0.330704 -0.518182 0
-0.300354 -0.52839 0
-0.26774 -0.537435 0
-0.233126 -0.54532 0
-0.196777 -0.552051 0
-0.158956 -0.557632 0
-0.119926 -0.562067 0
-0.0799529 -0.565362 0
-0.0392994 -0.56752 0
0.00177048 -0.568546 0
0.0429928 -0.568445 0
0.0841035 -0.567222 0
0.124839 -0.56488 0
0.164935 -0.561424 0
0.204127 -0.55686 0
0.242153 -0.55119 0
0.278747 -0.544421 0
0.313647 -0.536556 0
0.346588 -0.527601 0
0.377306 -0.517558 0
0.405537 -0.506434 0
0.431017 -0.494233 0
0.453484 -0.480959 0
0.472671 -0.466616 0
0.488456 -0.451059 0
0.501981 -0.432961 0
0.513618 -0.412172 0
0.52345 -0.388895 0
0.531555 -0.363332 0
0.538014 -0.335683 0
0.542908 -0.306151 0
0.546316 -0.274937 0
0.54832 -0.242244 0
0.548998 -0.208273 0
0.548433 -0.173226 0
0.546703 -0.137304 0
0.543889 -0.10071 0
0.540072 -0.0636446 0
0.535332 -0.0263103 0
0.529748 0.0110912 0
0.523402 0.0483581 0
0.516374 0.0852888 0
0.508744 0.121682 0
0.500591 0.157335 0
0.491998 0.192046 0
0.483042 0.225614 0
0.473807 0.257838 0
0.46437 0.288514 0
0.454813 0.317442 0
0.445216 0.344419 0
0.435659 0.369244 0
0.426223 0.391716 0
0.416741 0.411954 0
0.406277 0.431172 0
0.394787 0.449523 0
0.382339 0.467018 0
0.369001 0.483672 0
0.354839 0.499497 0
0.33992 0.514507 0
0.324311 0.528714 0
0.308079 0.542133 0
0.291292 0.554777 0
0.274015 0.566658 0
0.256317 0.57779 0
0.238265 0.588187 0
0.219924 0.597861 0
0.201363 0.606826 0
0.182648 0.615095 0
0.163847 0.622682 0
0.145026 0.629599 0
0.126252 0.63586 0
0.107593 0.641478 0
0.0891158 0.646467 0
0.0708866 0.650839 0
0.052973 0.654608 0
0.035442 0.657787 0
0.0183604 0.66039 0
0.0017955 0.66243 0
-0.0141858 0.66392 0
-0.0295164 0.664873 0
-0.0444485 0.664968 0
-0.0595877 0.663578 0
-0.074914 0.660784 0
-0.0903877 0.656686 0
-0.105969 0.651388 0
-0.121618 0.644991 0
-0.137295 0.637596 0
-0.15296 0.629306 0
-0.168574 0.620223 0
-0.184096 0.610449 0
-0.199487 0.600086 0
-0.214707 0.589234 0
-0.229716 0.577998 0
-0.244475 0.566478 0
-0.258943 0.554776 0
-0.273081 0.542994 0
-0.286849 0.531235 0
-0.300208 0.5196 0
-0.313116 0.508191 0
-0.325536 0.49711 0
-0.337426 0.486459 0
-0.348747 0.476339 0
-0.35946 0.466854 0
-0.369524 0.458104 0
-0.3789 0.450192 0
-0.387547 0.443219 0
-0.395427 0.437288 0
-0.402499 0.432501 0
-0.4175 0.4175 0
-0.418266 0.400002 0
-0.420119 0.379329 0
-0.422929 0.355726 0
-0.426565 0.32944 0
-0.430898 0.300717 0
-0.435798 0.269804 0
-0.441135 0.236948 0
-0.446779 0.202394 0
-0.452601 0.166389 0
-0.45847 0.12918 0
-0.464257 0.0910128 0
-0.469832 0.0521342 0
-0.475065 0.0127907 0
-0.479826 -0.0267715 0
-0.483986 -0.0663057 0
-0.487413 -0.105566 0
-0.48998 -0.144305 0
-0.491555 -0.182277 0
-0.492008 -0.219235 0
-0.491211 -0.254933 0
-0.489033 -0.289125 0
-0.485345 -0.321563 0
-0.480015 -0.352002 0
-0.472915 -0.380195 0
-0.463915 -0.405896 0
-0.452885 -0.428857 0
-0.439695 -0.448834 0
-0.42419 -0.465624 0
-0.405533 -0.480532 0
-0.383558 -0.494258 0
-0.358526 -0.506806 0
-0.330704 -0.518182 0
-0.300354 -0.52839 0
-0.26774 -0.537435 0
-0.233126 -0.54532 0
-0.196777 -0.552051 0
-0.158956 -0.557632 0
-0.119926 -0.562067 0
-0.0799529 -0.565362 0
-0.0392994 -0.56752 0
0.00177048 -0.568546 0
0.0429928 -0.568445 0
0.0841035 -0.567222 0
0.124839 -0.56488 0
0.164935 -0.561424 0
0.204127 -0.55686 0
0.242153 -0.55119 0
0.278747 -0.544421 0
0.313647 -0.536556 0
0.346588 -0.527601 0
0.377306 -0.517558 0
0.405537 -0.506434 0
0.431017 -0.494233 0
0.453484 -0.480959 0
0.472671 -0.466616 0
0.488456 -0.451059 0
0.501981 -0.432961 0
0.513618 -0.412172 0
0.52345 -0.388895 0
0.531555 -0.363332 0
0.538014 -0.335683 0
0.542908 -0.306151 0
0.546316 -0.274937 0
0.54832 -0.242244 0
0.548998 -0.208273 0
0.548433 -0.173226 0
0.546703 -0.137304 0
0.543889 -0.10071 0
0.540072 -0.0636446 0
0.535332 -0.0263103 0
0.529748 0.0110912 0
0.523402 0.0483581 0
0.516374 0.0852888 0
0.508744 0.121682 0
0.500591 0.157335 0
0.491998 0.192046 0
0.483042 0.225614 0
0.473807 0.257838 0
0.46437 0.288514 0
0.454813 0.317442 0
0.445216 0.344419 0
0.435659 0.369244 0
0.426223 0.391716 0
0.416741 0.411954 0
0.406277 0.431172 0
0.394787 0.449523 0
0.382339 0.467018 0
0.369001 0.483672 0
0.354839 0.499497 0
0.33992 0.514507 0
0.324311 0.528714 0
0.308079 0.542133 0
0.291292 0.554777 0
0.274015 0.566658 0
0.256317 0.57779 0
0.238265 0.588187 0
0.219924 0.597861 0
0.201363 0.606826 0
0.182648 0.615095 0
0.163847 0.622682 0
0.145026 0.629599 0
0.126252 0.63586 0
0.107593 0.641478 0
0.0891158 0.646467 0
0.0708866 0.650839 0
0.052973 0.654608 0
0.035442 0.657787 0
0.0183604 0.66039 0
0.0017955 0.66243 0
-0.0141858 0.66392 0
-0.0295164 0.664873 0
-0.0444485 0.664968 0
-0.0595877 0.663578 0
-0.074914 0.660784 0
-0.0903877 0.656686 0
-0.105969 0.651388 0
-0.121618 0.644991 0
-0.137295 0.637596 0
-0.15296 0.629306 0
-0.168574 0.620223 0
-0.184096 0.610449 0
-0.199487 0.600086 0
-0.214707 0.589234 0
-0.229716 0.577998 0
-0.244475 0.566478 0
-0.258943 0.554776 0
-0.273081 0.542994 0
-0.286849 0.531235 0
-0.300208 0.5196 0
-0.313116 0.508191 0
-0.325536 0.49711 0
-0.337426 0.486459 0
-0.348747 0.476339 0
-0.35946 0.466854 0
-0.369524 0.458104 0
-0.3789 0.450192 0
-0.387547 0.443219 0
-0.395427 0.437288 0
-0.402499 0.432501 0
-0.4175 0.4175 0
-0.418266 0.400002 0
-0.420119 0.379329 0
-0.422929 0.355726 0
-0.426565 0.32944 0
-0.430898 0.300717 0
-0.435798 0.269804 0
-0.441135 0.236948 0
-0.446779 0.202394 0
-0.452601 0.166389 0
-0.45847 0.12918 0
-0.464257 0.0910128 0
-0.469832 0.0521342 0
-0.475065 0.0127907 0
-0.479826 -0.0267715 0
-0.483986 -0.0663057 0
-0.487413 -0.105566 0
-0.48998 -0.144305 0
-0.491555 -0.182277 0
-0.492008 -0.219235 0
-0.491211 -0.254933 0
-0.489033 -0.289125 0
-0.485345 -0.321563 0
-0.480015 -0.352002 0
-0.472915 -0.380195 0
-0.463915 -0.405896 0
-0.452885 -0.428857 0
-0.439695 -0.448834 0
-0.42419 -0.465624 0
-0.405533 -0.480532 0
-0.383558 -0.494258 0
-0.358526 -0.506806 0
-0.330704 -0.518182 0
-0.300354 -0.52839 0
-0.26774 -0.537435 0
-0.233126 -0.54532 0
-0.196777 -0.552051 0
-0.158956 -0.557632 0
-0.119926 -0.562067 0
-0.0799529 -0.565362 0
-0.0392994 -0.56752 0
0.00177048 -0.568546 0
0.0429928 -0.568445 0
0.0841035 -0.567222 0
0.124839 -0.56488 0
0.164935 -0.561424 0
0.204127 -0.55686 0
0.242153 -0.55119 0
0.278747 -0.544421 0
0.313647 -0.536556 0
0.346588 -0.527601 0
0.377306 -0.517558 0
0.405537 -0.506434 0
0.431017 -0.494233 0
0.453484 -0.480959 0
0.472671 -0.466616 0
0.488456 -0.451059 0
0.501981 -0.432961 0
0.513618 -0.412172 0
0.52345 -0.388895 0
0.531555 -0.363332 0
0.538014 -0.335683 0
0.542908 -0.306151 0
0.546316 -0.274937 0
0.54832 -0.242244 0
0.548998 -0.208273 0
0.548433 -0.173226 0
0.546703 -0.137304 0
0.543889 -0.10071 0
0.540072 -0.0636446 0
0.535332 -0.0263103 0
0.529748 0.0110912 0
0.523402 0.0483581 0
0.516374 0.0852888 0
0.508744 0.121682 0
0.500591 0.157335 0
0.491998 0.192046 0
0.483042 0.225614 0
0.473807 0.257838 0
0.46437 0.288514 0
0.454813 0.317442 0
0.445216 0.344419 0
0.435659 0.369244 0
0.426223 0.391716 0
0.416741 0.411954 0
0.406277 0.431172 0
0.394787 0.449523 0
0.382339 0.467018 0
0.369001 0.483672 0
0.354839 0.499497 0
0.33992 0.514507 0
0.324311 0.528714 0
0.308079 0.542133 0
0.291292 0.554777 0
0.274015 0.566658 0
0.256317 0.57779 0
0.238265 0.588187 0
0.219924 0.597861 0
0.201363 0.606826 0
0.182648 0.615095 0
0.163847 0.622682 0
0.145026 0.629599 0
0.126252 0.63586 0
0.107593 0.641478 0
0.0891158 0.646467 0
0.0708866 0.650839 0
0.052973 0.654608 0
0.035442 0.657787 0
0.0183604 0.66039 0
0.0017955 0.66243 0
-0.0141858 0.66392 0
-0.0295164 0.664873 0
-0.0444485 0.664968 0
-0.0595877 0.663578 0
-0.074914 0.660784 0
-0.0903877 0.656686 0
-0.105969 0.651388 0
-0.121618 0.644991 0
-0.137295 0.637596 0
-0.15296 0.629306 0
-0.168574 0.620223 0
-0.184096 0.610449 0
-0.199487 0.600086 0
-0.214707 0.589234 0
-0.229716 0.577998 0
-0.244475 0.566478 0
-0.258943 0.554776 0
-0.273081 0.542994 0
-0.286849 0.531235 0
-0.300208 0.5196 0
-0.313116 0.508191 0
-0.325536 0.49711 0
-0.337426 0.486459 0
-0.348747 0.476339 0
-0.35946 0.466854 0
-0.369524 0.458104 0
-0.3789 0.450192 0
-0.387547 0.443219 0
-0.395427 0.437288 0
-0.402499 0.432501 0
-0.4175 0.4175 0
-0.418266 0.400002 0
-0.420119 0.379329 0
-0.422929 0.355726 0
-0.426565 0.32944 0
-0.430898 0.300717 0
-0.435798 0.269804 0
-0.441135 0.236948 0
-0.446779 0.202394 0
-0.452601 0.166389 0
-0.45847 0.12918 0
-0.464257 0.0910128 0
-0.469832 0.0521342 0
-0.475065 0.0127907 0
-0.479826 -0.0267715 0
-0.483986 -0.0663057 0
-0.487413 -0.105566 0
-0.48998 -0.144305 0
-0.491555 -0.182277 0
-0.492008 -0.219235 0
-0.491211 -0.254933 0
-0.489033 -0.289125 0
-0.485345 -0.321563 0
-0.480015 -0.352002 0
-0.472915 -0.380195 0
-0.463915 -0.405896 0
-0.452885 -0.428857 0
-0.439695 -0.448834 0
-0.42419 -0.465624 0
-0.405533 -0.480532 0
-0.383558 -0.494258 0
-0.358526 -0.506806 0
-0.330704 -0.518182 0
-0.300354 -0.52839 0
-0.26774 -0.537435 0
-0.233126 -0.54532 0
-0.196777 -0.552051 0
-0.158956 -0.557632 0
-0.119926 -0.562067 0
-0.0799529 -0.565362 0
-0.0392994 -0.56752 0
0.00177048 -0.568546 0
0.0429928 -0.568445 0
0.0841035 -0.567222 0
0.124839 -0.56488 0
0.164935 -0.561424 0
0.204127 -0.55686 0
0.242153 -0.55119 0
0.278747 -0.544421 0
0.313647 -0.536556 0
0.346588 -0.527601 0
0.377306 -0.517558 0
0.405537 -0.506434 0
0.431017 -0.494233 0
0.453484 -0.480959 0
0.472671 -0.466616 0
0.488456 -0.451059 0
0.501981 -0.432961 0
0.513618 -0.412172 0
0.52345 -0.388895 0
0.531555 -0.363332 0
0.538014 -0.335683 0
0.542908 -0.306151 0
0.546316 -0.274937 0
0.54832 -0.242244 0
0.548998 -0.208273 0
0.548433 -0.173226 0
0.546703 -0.137304 0
0.543889 -0.10071 0
0.540072 -0.0636446 0
0.535332 -0.0263103 0
0.529748 0.0110912 0
0.523402 0.0483581 0
0.516374 0.0852888 0
0.508744 0.121682 0
0.500591 0.157335 0
0.491998 0.192046 0
0.483042 0.225614 0
0.473807 0.257838 0
0.46437 0.288514 0
0.454813 0.317442 0
0.445216 0.344419 0
0.435659 0.369244 0
0.426223 0.391716 0
0.416741 0.411954 0
0.406277 0.431172 0
0.394787 0.449523 0
0.382339 0.467018 0
0.369001 0.483672 0
0.354839 0.499497 0
0.33992 0.514507 0
0.324311 0.528714 0
0.308079 0.542133 0
0.291292 0.554777 0
0.274015 0.566658 0
0.256317 0.57779 0
0.238265 0.588187 0
0.219924 0.597861 0
0.201363 0.606826 0
0.182648 0.615095 0
0.163847 0.622682 0
0.145026 0.629599 0
0.126252 0.63586 0
0.107593 0.641478 0
0.0891158 0.646467 0
0.0708866 0.650839 0
0.052973 0.654608 0
0.035442 0.657787 0
0.0183604 0.66039 0
0.0017955 0.66243 0
-0.0141858 0.66392 0
-0.0295164 0.664873 0
-0.0444485 0.664968 0
-0.0595877 0.663578 0
-0.074914 0.660784 0
-0.0903877 0.656686 0
-0.105969 0.651388 0
-0.121618 0.644991 0
-0.137295 0.637596 0
-0.15296 0.629306 0
-0.168574 0.620223 0
-0.184096 0.610449 0
-0.199487 0.600086 0
-0.214707 0.589234 0
-0.229716 0.577998 0
-0.244475 0.566478 0
-0.258943 0.554776 0
-0.273081 0.542994 0
-0.286849 0.531235 0
-0.300208 0.5196 0
-0.313116 0.508191 0
-0.325536 0.49711 0
-0.337426 0.486459 0
-0.348747 0.476339 0
-0.35946 0.466854 0
-0.369524 0.458104 0
-0.3789 0.450192 0
-0.387547 0.443219 0
-0.395427 0.437288 0
-0.402499 0.432501 0
